1103
[3, 2, 4, 0, 4, 4, 1, 4, 3, 0, 1, 3, 2, 1, 2, 4, 2, 3, 0, 3, 1, 4, 0, 3, 3, 4, 4, 2, 4, 3, 1, 3, 1, 0, 1, 4, 4, 4, 2, 1, 4, 3, 3, 2, 1, 2, 1, 0, 1, 3, 1, 4, 0, 4, 0, 3, 4, 0, 3, 0, 3, 3, 1, 0, 3, 2, 4, 1, 1, 1, 1, 2, 2, 1, 4, 2, 1, 3, 4, 2, 4, 4, 3, 2, 3, 4, 0, 4, 1, 4, 4, 4, 4, 4, 0, 4, 2, 4, 1, 4, 0, 4, 1, 2, 1, 0, 4, 2, 4, 3, 4, 2, 1, 3, 2, 3, 0, 2, 3, 3, 3, 3, 1, 0, 1, 2, 1, 0, 3, 2, 0, 1, 1, 3, 2, 0, 3, 2, 2, 0, 3, 0, 0, 0, 0, 4, 2, 1, 2, 4, 0, 3, 0, 0, 4, 2, 2, 1, 3, 1, 2, 3, 4, 0, 4, 4, 4, 1, 2, 3, 4, 3, 3, 0, 2, 1, 2, 0, 3, 1, 2, 4, 1, 2, 3, 3, 0, 3, 0, 1, 0, 3, 1, 0, 1, 4, 1, 4, 4, 4, 4, 2, 4, 4, 3, 3, 2, 1, 4, 4, 1, 2, 0, 1, 2, 0, 0, 2, 4, 1, 2, 2, 2, 2, 2, 1, 4, 3, 0, 4, 3, 4, 2, 0, 2, 0, 2, 3, 0, 3, 3, 3, 3, 1, 1, 2, 0, 0, 4, 0, 0, 4, 0, 0, 3, 2, 2, 2, 2, 3, 4, 3, 1, 1, 4, 0, 1, 0, 3, 1, 4, 4, 4, 2, 4, 1, 2, 1, 4, 2, 2, 2, 4, 1, 4, 2, 2, 3, 0, 3, 3, 4, 4, 3, 0, 3, 0, 4, 4, 1, 3, 2, 3, 0, 3, 2, 3, 3, 1, 1, 3, 0, 4, 3, 3, 0, 3, 1, 0, 3, 0, 2, 3, 0, 2, 3, 3, 0, 1, 0, 2, 1, 1, 0, 0, 0, 2, 4, 4, 3, 4, 3, 3, 4, 2, 3, 1, 2, 3, 0, 1, 0, 0, 3, 2, 0, 2, 2, 1, 0, 3, 0, 2, 1, 3, 3, 0, 3, 4, 2, 1, 0, 1, 2, 0, 4, 1, 4, 0, 0, 0, 3, 0, 0, 3, 1, 2, 3, 3, 2, 4, 4, 0, 3, 0, 3, 4, 0, 3, 3, 3, 1, 4, 3, 0, 1, 3, 1, 4, 2, 0, 2, 3, 1, 2, 4, 1, 0, 0, 2, 3, 2, 1, 4, 2, 1, 4, 0, 3, 1, 0, 1, 2, 4, 2, 4, 0, 0, 2, 2, 1, 1, 2, 0, 0, 3, 0, 3, 2, 0, 2, 1, 3, 1, 0, 2, 0, 0, 3, 1, 2, 3, 3, 0, 4, 0, 4, 4, 2, 2, 3, 3, 4, 4, 2, 4, 0, 3, 0, 4, 1, 2, 2, 3, 0, 4, 3, 4, 3, 0, 0, 1, 3, 2, 0, 0, 2, 0, 3, 4, 4, 1, 1, 4, 4, 2, 3, 0, 2, 0, 3, 0, 2, 3, 3, 1, 0, 4, 4, 4, 0, 4, 2, 1, 0, 0, 3, 0, 0, 4, 3, 3, 3, 2, 1, 3, 0, 3, 1, 0, 2, 0, 3, 0, 3, 0, 4, 0, 4, 1, 4, 1, 1, 1, 0, 1, 1, 1, 4, 3, 3, 4, 4, 0, 4, 4, 4, 4, 2, 1, 1, 4, 2, 4, 1, 1, 4, 4, 4, 0, 3, 1, 0, 0, 1, 1, 0, 2, 3, 3, 0, 4, 1, 2, 3, 1, 1, 0, 2, 0, 3, 2, 0, 4, 4, 1, 4, 4, 4, 4, 0, 4, 2, 4, 4, 0, 1, 3, 4, 1, 3, 4, 1, 2, 0, 4, 3, 4, 0, 3, 3, 4, 0, 0, 3, 4, 1, 1, 4, 4, 4]
1104_night


1105_head-On
[2, 2, 0, 0, 2, 2, 2, 2, 0, 3, 2, 2, 2, 2, 2, 2, 2, 2, 2, 3, 2, 0, 0, 2, 2, 2, 2, 2, 2, 2, 2, 0, 1, 2, 2, 2, 1, 2, 2, 2, 2, 2, 2, 2, 3, 2, 2, 2, 2, 2, 2, 2, 2, 3, 0, 2, 2, 1, 2, 2, 2, 2, 2, 2, 2, 2, 2, 2, 3, 2, 2, 2, 2, 0, 4, 2, 2, 2, 2, 2, 2, 2, 1, 2, 2, 2, 2, 2, 2, 3, 3, 2, 2, 2, 2, 2, 0, 3, 2, 1, 2, 2, 3, 2, 2, 2, 1, 2, 2, 2, 1, 2, 2, 2, 2, 0, 1, 2, 2, 2, 2, 2, 2, 2, 2, 2, 0, 2, 1, 1, 1, 2, 2, 2, 3, 2, 2, 2, 2, 2, 2, 2, 2, 4, 2, 0, 2, 2, 2, 2, 0, 2, 0, 1, 2, 2, 2, 0, 1, 1, 2, 2, 2, 2, 2, 0, 2, 3, 2, 0, 0, 2, 2, 2, 2, 2, 3, 2, 2, 2, 2, 2, 0, 3, 2, 0, 2, 2, 2, 2, 2, 2, 2, 2, 1, 2, 2, 2, 2, 0, 2, 2, 2, 2, 2, 2, 2, 1, 2, 0, 2, 2, 2, 2, 2, 2, 0, 2, 2, 2, 2, 2, 2, 2, 2, 2, 2, 1, 2, 2, 0, 2, 2, 2, 2, 2, 2, 2, 2, 2, 2, 2, 2, 1, 2, 1, 2, 2, 3, 2, 2, 2, 2, 3, 2, 0, 2, 2, 0, 0, 0, 2, 0, 0, 2, 3, 2, 2, 1, 2, 0, 1, 2, 2, 2, 2, 2, 2, 2, 3, 1, 2, 2, 1, 3, 2, 2, 0, 2, 2, 2, 2, 1, 2, 2, 3, 0, 2, 2, 2, 2, 3, 0, 2, 2, 2, 2, 0, 2, 0, 2, 4, 2, 2, 0, 2, 2, 0, 2, 3, 2, 1, 1, 2, 0, 0, 2, 2, 2, 0, 2, 2, 2, 0, 0, 0, 2, 2, 2, 2, 1, 2, 2, 2, 2, 2, 1, 2, 0, 3, 3, 0, 2, 1, 2, 3, 2, 1, 2, 2, 2, 2, 3, 3, 2, 2, 0, 2, 2, 3, 1, 2, 2, 2, 2, 2, 2, 2, 3, 2, 2, 1, 2, 2, 2, 3, 2, 1, 2, 2, 3, 2, 2, 3, 2, 2, 2, 2, 2, 3, 2, 2, 2, 3, 1, 2, 2, 2, 2, 2, 2, 2, 2, 2, 2, 2, 2, 2, 0, 2, 2, 2, 0, 2, 2, 1, 2, 2, 2, 0, 0, 2, 2, 2, 3, 0, 0, 2, 2, 3, 2, 2, 2, 0, 2, 2, 2, 2, 2, 2, 2, 2, 1, 2, 2, 2, 2, 0, 1, 2, 1, 2, 2, 2, 2, 1, 2, 2, 4, 2, 2, 1, 2, 1, 2, 0, 2, 2, 2, 1, 2, 2, 2, 1, 2, 2, 2, 0, 2, 0, 2, 2, 2, 2, 2, 0, 2, 2, 2, 3, 1, 2, 2, 1, 2, 2, 2, 2, 0, 2, 2, 2, 2, 2, 0, 2, 2, 0, 2, 2, 1, 2, 2, 2, 2, 2, 2, 2, 2, 1, 2, 3, 4, 0, 0, 2, 2, 2, 2, 2, 2, 2, 2, 2, 2, 2, 2, 2, 2, 0, 2, 3, 3, 2, 2, 2, 2, 2, 2, 2, 2, 3, 2, 2, 2, 2, 2, 2, 2, 1, 2, 2, 2]


1106 star 45
[4, 2, 2, 2, 1, 2, 3, 2, 4, 2, 1, 2, 4, 2, 2, 4, 2, 0, 2, 2, 4, 1, 2, 3, 3, 2, 2, 3, 2, 4, 2, 2, 2, 2, 1, 2, 4, 0, 3, 2, 4, 3, 3, 0, 2, 4, 4, 2, 1, 2, 2, 2, 2, 3, 4, 0, 2, 2, 1, 2, 2, 4, 0, 2, 4, 4, 3, 3, 2, 3, 4, 1, 2, 3, 2, 4, 4, 2, 2, 2, 2, 2, 2, 2, 3, 2, 3, 0, 3, 2, 2, 2, 2, 3, 0, 2, 2, 2, 4, 2, 4, 2, 3, 3, 4, 2, 2, 2, 2, 3, 2, 3, 2, 4, 2, 3, 1, 2, 2, 2, 2, 2, 2, 3, 2, 3, 2, 4, 0, 2, 1, 3, 4, 2, 2, 4, 2, 2, 0, 2, 2, 3, 2, 2, 3, 3, 2, 4, 2, 4, 2, 3, 2, 4, 1, 2, 2, 2, 2, 2, 2, 4, 2, 4, 2, 3, 3, 3, 2, 3, 4, 1, 2, 2, 3, 2, 3, 2, 3, 2, 2, 1, 2, 3, 2, 4, 3, 2, 2, 4, 2, 4, 3, 4, 4, 3, 2, 3, 4, 3, 4, 2, 3, 3, 2, 2, 2, 1, 2, 4, 3, 2, 1, 2, 2, 4, 3, 2, 2, 3, 0, 3, 2, 4, 3, 2, 4, 4, 3, 2, 3, 4, 2, 2, 3, 1, 2, 0, 2, 4, 2, 3, 2, 0, 2, 3, 2, 2, 2, 2, 2, 2, 3, 2, 2, 2, 4, 4, 0, 4, 4, 4, 3, 3, 2, 2, 2, 4, 0, 0, 4, 2, 2, 2, 2, 2, 3, 2, 2, 3, 2, 2, 2, 3, 2, 2, 2, 3, 4, 2, 2, 4, 3, 3, 2, 2, 2, 3, 4, 2, 2, 4, 3, 3, 2, 4, 4, 4, 2, 1, 2, 3, 2, 3, 3, 2, 0, 2, 2, 2, 3, 2, 2, 2, 2, 2, 2, 0, 4, 3, 3, 3, 4, 2, 2, 3, 4, 2, 0, 1, 2, 3, 2, 2, 2, 3, 2, 2, 3, 2, 2, 1, 3, 1, 1, 2, 3, 4, 2, 3, 2, 2, 2, 2, 2, 4, 4, 2, 3, 2, 4, 2, 2, 2, 4, 2, 3, 3, 3, 4, 2, 2, 3, 2, 3, 2, 2, 2, 3, 1, 3, 4, 4, 2, 4, 3, 4, 3, 4, 1, 3, 3, 2, 2, 1, 2, 4, 4, 4, 2, 3, 4, 2, 2, 3, 2, 2, 2, 3, 4, 3, 1, 2, 2, 2, 2, 3, 2, 3, 2, 3, 3, 2, 3, 3, 2, 2, 2, 2, 2, 3, 2, 2, 3, 3, 2, 4, 3, 3, 4, 2, 2, 4, 2, 2, 1, 4, 0, 3, 4, 4, 2, 2, 4, 0, 3, 1, 0, 4, 4, 2, 2, 2, 2, 2, 2, 4, 2, 2, 3, 2, 3, 2, 2, 1, 2, 0, 0, 4, 2, 2, 2, 2, 2, 2, 2, 3, 2, 4, 3, 3, 2, 2, 3, 2, 4, 3, 2, 2, 3, 1, 2, 2, 1, 2, 3, 2, 2, 2, 2, 2, 4, 3, 2, 4, 2, 1, 3, 2, 2, 2, 2, 2, 3, 2, 2, 3, 2, 2, 2, 3, 3, 3, 2, 4, 2, 3, 3, 3, 3, 2, 2, 3, 2, 3, 2, 2, 2, 2, 4, 2, 0, 2, 2, 3, 1, 3, 1, 3, 4, 4, 2, 2, 2, 2, 2, 3, 2, 2, 1, 2, 2, 2, 4, 3, 4, 0, 2, 2, 2, 3, 2, 1, 2, 2, 2, 4, 2, 2, 3, 3, 2, 3, 2, 3, 3, 3, 3, 3, 2, 2, 2, 2, 3, 3, 2, 2, 2, 3, 3, 2, 3, 2, 2, 1, 2, 2, 3, 2, 3, 4, 4, 4, 1, 3, 3, 2, 3]


231110 headon-narrow
[2, 0, 2, 1, 0, 2, 2, 0, 4, 0, 2, 2, 2, 2, 3, 2, 3, 3, 4, 2, 0, 2, 0, 1, 2, 2, 2, 2, 2, 0, 2, 2, 1, 3, 4, 4, 4, 4, 2, 2, 2, 0, 2, 3, 4, 1, 1, 2, 1, 2, 1, 1, 2, 4, 3, 1, 0, 1, 2, 0, 2, 1, 3, 2, 2, 2, 2, 3, 1, 3, 1, 2, 4, 0, 0, 2, 3, 1, 2, 4, 1, 2, 2, 2, 0, 2, 2, 4, 2, 1, 0, 3, 3, 1, 0, 0, 3, 1, 1, 2, 2, 2, 0, 2, 0, 1, 4, 2, 0, 2, 1, 0, 0, 2, 4, 2, 2, 3, 4, 2, 1, 2, 2, 2, 3, 3, 1, 2, 0, 1, 1, 4, 4, 1, 2, 2, 3, 3, 3, 2, 1, 1, 1, 2, 3, 2, 2, 4, 4, 4, 3, 2, 4, 0, 2, 2, 2, 2, 0, 0, 3, 0, 2, 3, 2, 2, 4, 2, 2, 2, 2, 1, 3, 2, 1, 4, 2, 0, 3, 2, 3, 1, 4, 0, 4, 2, 4, 1, 2, 4, 4, 3, 2, 0, 1, 0, 4, 3, 1, 2, 2, 2, 1, 2, 2, 0, 0, 0, 2, 3, 3, 3, 1, 3, 2, 0, 1, 4, 2, 0, 2, 2, 4, 3, 2, 3, 2, 2, 1, 0, 2, 0, 3, 4, 0, 0, 4, 1, 0, 4, 2, 2, 2, 2, 1, 3, 4, 4, 3, 2, 3, 2, 2, 0, 4, 2, 4, 2, 0, 2, 3, 4, 3, 3, 2, 3, 2, 4, 1, 2, 3, 0, 2, 2, 2, 1, 0, 4, 2, 1, 0, 0, 2, 2, 0, 3, 1, 3, 1, 2, 4, 2, 1, 3, 2, 4, 2, 3, 4, 3, 2, 2, 2, 3, 4, 2, 3, 2, 1, 0, 2, 2, 0, 3, 3, 4, 2, 4, 2, 2, 2, 3, 0, 1, 2, 1, 0, 2, 1, 1, 3, 2, 3, 3, 0, 2, 0, 1, 0, 0, 4, 2, 4, 0, 2, 0, 1, 1, 4, 4, 2, 2, 0, 3, 4, 2, 2, 2, 4, 0, 2, 2, 4, 2, 2, 2, 2, 2, 2, 2, 4, 1, 2, 3, 2, 2, 1, 1, 4, 3, 2, 2, 2, 3, 3, 2, 2, 2, 2, 0, 3, 2, 2, 0, 2, 2, 0, 2, 2, 2, 2, 0, 3, 2, 2, 0, 4, 2, 0, 3, 4, 2, 0, 4, 2, 4, 0, 2, 3, 3, 3, 0, 0, 2, 2, 2, 1, 2, 3, 2, 0, 3, 2, 3, 3, 1, 4, 3, 2, 2, 0, 4, 1, 1, 2, 1, 3, 2, 1, 2, 2, 3, 1, 2, 3, 3, 1, 0, 0, 0, 1, 0, 0, 2, 3, 2, 2, 2, 1, 0, 3, 2, 2, 2, 2, 2, 4, 3, 3, 4, 3, 1, 2, 2, 2, 0, 4, 1, 2, 3, 0, 4, 4, 0, 3, 2, 3, 2, 2, 3, 1, 2, 2, 2, 2, 2, 0, 0, 1, 0, 0, 1, 3, 2, 3, 0, 2, 0, 4, 3, 0, 2, 2, 0, 0, 2, 2, 2, 2, 3, 2, 4, 4, 4, 2, 3, 4, 2, 3, 4, 2, 3, 2, 0, 3, 1, 2, 4, 2, 0, 4, 4, 2, 4, 4, 4, 2, 0, 2, 2, 0, 2, 2, 2, 0, 2, 2, 0, 2, 3, 1, 4, 2, 3, 1, 2, 0, 1, 2, 0, 0, 3, 0, 2, 2, 2, 0, 0, 2, 4, 3, 3, 2, 2, 0, 2, 1, 0, 3, 4, 1, 2, 0, 2, 2]

231110 stbd 
[4, 4, 0, 0, 0, 2, 4, 1, 2, 0, 4, 3, 0, 1, 4, 4, 0, 0, 0, 3, 2, 0, 0, 3, 0, 0, 0, 0, 3, 2, 0, 1, 0, 0, 0, 1, 2, 1, 0, 0, 0, 0, 2, 1, 4, 1, 3, 0, 2, 0, 2, 4, 2, 0, 3, 3, 3, 0, 0, 4, 0, 3, 0, 0, 0, 4, 3, 1, 0, 4, 0, 0, 4, 0, 4, 0, 3, 0, 1, 2, 1, 2, 0, 0, 0, 0, 0, 0, 0, 0, 4, 2, 1, 1, 3, 2, 0, 1, 4, 3, 2, 0, 2, 4, 3, 3, 1, 0, 1, 1, 4, 2, 0, 0, 0, 4, 0, 4, 3, 1, 0, 1, 2, 4, 0, 4, 4, 4, 3, 3, 3, 0, 4, 0, 1, 0, 0, 0, 0, 1, 3, 0, 2, 1, 0, 2, 2, 0, 1, 0, 2, 1, 1, 0, 0, 0, 0, 3, 0, 0, 4, 3, 4, 0, 0, 3, 4, 0, 4, 1, 1, 4, 0, 1, 0, 0, 3, 0, 0, 0, 0, 0, 0, 2, 4, 2, 0, 2, 0, 2, 4, 1, 0, 3, 1, 2, 1, 0, 1, 4, 3, 0, 1, 0, 3, 2, 4, 3, 4, 0, 3, 3, 2, 2, 1, 0, 4, 0, 0, 0, 0, 2, 0, 0, 1, 4, 4, 1, 3, 2, 2, 3, 0, 0, 3, 1, 0, 0, 1, 0, 0, 1, 4, 1, 4, 4, 1, 3, 4, 0, 4, 0, 0, 1, 4, 0, 0, 3, 3, 0, 0, 4, 4, 4, 0, 0, 2, 2, 0, 0, 2, 3, 1, 0, 0, 0, 0, 0, 3, 0, 0, 4, 3, 3, 0, 3, 1, 0, 3, 4, 4, 1, 4, 2, 2, 0, 2, 4, 0, 0, 0, 1, 0, 3, 4, 0, 0, 3, 3, 3, 2, 3, 0, 1, 0, 4, 2, 1, 1, 0, 0, 0, 3, 0, 1, 1, 4, 0, 0, 0, 0, 1, 1, 1, 2, 3, 0, 0, 2, 2, 1, 2, 3, 0, 4, 1, 1, 2, 2, 1, 0, 0, 3, 1, 0, 3, 3, 0, 1, 1, 0, 3, 1, 2, 1, 0, 3, 3, 3, 0, 4, 3, 4, 3, 4, 1, 0, 3, 4, 0, 3, 1, 0, 0, 4, 1, 1, 0, 0, 0, 0, 2, 4, 3, 0, 3, 0, 4, 0, 1, 2, 4, 3, 1, 3, 0, 0, 0, 4, 0, 1, 1, 1, 3, 0, 0, 2, 0, 3, 0, 1, 0, 0, 4, 3, 3, 0, 3, 2, 0, 0, 0, 2, 0, 0, 1, 0, 0, 1, 4, 2, 0, 1, 3, 4, 2, 3, 1, 0, 3, 1, 1, 3, 0, 1, 0, 1, 2, 0, 2, 0, 0, 3, 4, 1, 3, 1, 4, 2, 4, 1, 1, 1, 0, 4, 1, 4, 1, 0, 1, 1, 2, 1, 4, 4, 4, 1, 0, 2, 0, 0, 0, 3, 4, 3, 2, 0, 4, 4, 3, 3, 2, 4, 4, 2, 2, 0, 1, 0, 0, 0, 0, 2, 0, 2, 4, 0, 1, 0, 3, 4, 4, 0, 4, 0, 0, 0, 2, 3, 0, 3, 1, 3, 3, 0, 4, 0, 2, 4, 0, 1, 0, 1, 4, 1, 0, 3, 1, 3, 0, 3, 0, 1, 0, 1, 3, 3, 4, 3, 1, 0, 0, 2, 2, 0, 0, 2, 1, 0, 0, 0, 1, 0, 0, 1, 4, 0, 3, 4, 0, 0, 3, 2, 1, 3, 0, 1, 3, 0, 0, 0, 1, 2, 0, 2, 0, 0, 1, 1, 0, 4, 0, 0, 0, 4, 1, 2, 0]

231117 case2
[0, 0, 1, 0, 4, 2, 0, 3, 3, 1, 2, 0, 2, 0, 0, 2, 0, 1, 2, 3, 2, 0, 0, 0, 4, 0, 0, 1, 2, 0, 0, 2, 1, 0, 4, 2, 4, 0, 1, 0, 3, 0, 2, 4, 4, 4, 1, 1, 0, 2, 0, 0, 0, 0, 0, 0, 1, 3, 0, 0, 1, 2, 3, 2, 3, 4, 4, 0, 0, 0, 4, 4, 4, 0, 4, 3, 0, 0, 4, 0, 3, 0, 0, 1, 2, 2, 0, 0, 0, 1, 1, 4, 3, 1, 4, 2, 1, 0, 0, 0, 0, 1, 3, 2, 2, 4, 1, 0, 4, 0, 0, 2, 1, 3, 0, 2, 4, 0, 0, 1, 0, 3, 0, 0, 2, 0, 0, 0, 1, 0, 1, 3, 2, 4, 4, 0, 0, 0, 1, 0, 2, 4, 0, 0, 0, 0, 1, 0, 3, 2, 3, 1, 3, 4, 1, 3, 2, 2, 1, 1, 0, 2, 0, 1, 0, 1, 0, 0, 3, 3, 0, 0, 0, 1, 4, 1, 2, 3, 1, 2, 2, 0, 1, 1, 2, 1, 2, 0, 0, 0, 4, 0, 0, 0, 3, 0, 0, 4, 1, 0, 0, 0, 1, 1, 2, 1, 4, 2, 0, 2, 0, 0, 0, 4, 2, 1, 1, 1, 2, 2, 4, 4, 0, 2, 2, 0, 1, 0, 0, 1, 0, 2, 4, 0, 0, 0, 0, 2, 1, 0, 0, 3, 0, 1, 0, 2, 0, 0, 4, 0, 1, 4, 0, 3, 1, 0, 2, 0, 0, 4, 0, 3, 0, 0, 1, 0, 0, 3, 0, 3, 0, 0, 0, 0, 0, 3, 3, 0, 0, 1, 0, 0, 2, 0, 0, 0, 0, 0, 3, 4, 3, 4, 0, 3, 4, 3, 1, 2, 1, 4, 0, 3, 4, 1, 2, 0, 0, 3, 2, 2, 1, 4, 1, 0, 0, 4, 2, 3, 2, 0, 1, 0, 3, 1, 4, 3, 0, 3, 3, 4, 3, 1, 0, 0, 2, 3, 0, 1, 1, 0, 3, 2, 0, 2, 1, 0, 1, 0, 4, 1, 1, 3, 0, 4, 2, 3, 2, 2, 0, 3, 1, 3, 3, 2, 4, 1, 2, 0, 0, 0, 4, 0, 1, 1, 0, 0, 0, 0, 2, 2, 3, 0, 1, 4, 3, 3, 1, 1, 2, 0, 1, 0, 3, 0, 1, 3, 0, 0, 2, 1, 2, 0, 0, 4, 0, 0, 2, 3, 1, 1, 0, 3, 0, 0, 4, 3, 0, 0, 4, 1, 2, 0, 0, 2, 2, 4, 0, 2, 0, 1, 2, 0, 3, 3, 0, 4, 2, 2, 4, 0, 2, 0, 0, 0, 2, 0, 1, 1, 2, 0, 4, 3, 0, 4, 0, 2, 1, 4, 1, 2, 0, 0, 1, 0, 4, 1, 0, 0, 3, 0, 0, 0, 0, 3, 2, 1, 1, 0, 2, 3, 0, 0, 4, 0, 4, 4, 3, 4, 0, 3, 1, 3, 1, 4, 2, 4, 1, 0, 3, 0, 2, 3, 1, 2, 0, 2, 3, 1, 3, 0, 1, 2, 0, 1, 0, 0, 2, 0, 0, 0, 1, 0, 1, 0, 2, 3, 2, 4, 0, 4, 1, 0, 2, 4, 3, 0, 3, 0, 4, 0, 1, 0, 1, 1, 4, 1, 3, 0, 4, 0, 2, 2, 0, 4, 0, 1, 0, 0, 1, 2, 4, 3, 2, 4, 3, 3, 0, 2, 3, 2, 4, 0, 0, 1, 4, 0, 0, 1, 3, 0, 1, 0, 0, 2, 4, 4, 0, 4, 3, 0, 4, 4, 3, 4, 2, 3, 2]

231117 case3
[1, 3, 2, 0, 4, 0, 0, 4, 4, 3, 4, 0, 2, 1, 2, 4, 4, 1, 2, 1, 0, 0, 1, 4, 3, 4, 1, 0, 2, 0, 0, 1, 0, 0, 2, 4, 3, 1, 0, 0, 1, 2, 2, 0, 3, 4, 2, 0, 3, 4, 4, 0, 0, 2, 0, 2, 1, 4, 2, 0, 2, 0, 0, 4, 4, 3, 4, 3, 2, 1, 0, 3, 0, 2, 0, 3, 0, 0, 0, 3, 0, 0, 0, 0, 0, 2, 4, 3, 0, 4, 3, 0, 0, 4, 0, 4, 1, 2, 0, 4, 1, 0, 0, 2, 0, 0, 0, 3, 2, 0, 4, 2, 1, 3, 0, 0, 2, 0, 0, 1, 4, 4, 0, 4, 1, 3, 1, 0, 1, 0, 0, 0, 4, 1, 3, 0, 1, 0, 4, 2, 0, 3, 4, 1, 2, 0, 1, 0, 4, 4, 2, 0, 1, 4, 0, 2, 0, 0, 1, 0, 0, 0, 0, 0, 3, 0, 0, 1, 3, 0, 0, 4, 0, 3, 0, 3, 0, 4, 1, 2, 3, 3, 0, 2, 0, 0, 3, 0, 2, 2, 0, 0, 0, 4, 2, 0, 0, 3, 2, 1, 1, 0, 2, 4, 4, 0, 0, 0, 2, 4, 2, 0, 0, 0, 4, 0, 3, 2, 3, 0, 4, 1, 3, 0, 3, 2, 1, 0, 2, 3, 2, 0, 4, 1, 0, 1, 4, 2, 3, 2, 2, 0, 2, 0, 4, 4, 2, 4, 0, 0, 4, 0, 3, 0, 0, 2, 0, 3, 4, 0, 3, 3, 3, 1, 0, 0, 3, 0, 3, 0, 1, 4, 0, 0, 3, 0, 2, 0, 4, 1, 0, 0, 0, 3, 2, 0, 4, 0, 1, 3, 4, 0, 3, 1, 2, 0, 0, 0, 2, 0, 0, 2, 2, 0, 1, 1, 1, 2, 3, 0, 0, 2, 0, 1, 4, 0, 0, 0, 1, 3, 2, 0, 3, 0, 0, 1, 0, 0, 0, 2, 0, 0, 0, 3, 3, 4, 3, 2, 0, 0, 1, 0, 2, 3, 2, 0, 3, 4, 4, 0, 2, 0, 0, 3, 3, 3, 3, 3, 0, 1, 0, 3, 1, 1, 2, 3, 2, 3, 3, 0, 2, 1, 1, 2, 4, 3, 3, 0, 0, 3, 0, 3, 0, 4, 0, 0, 2, 4, 3, 2, 1, 2, 3, 4, 3, 4, 2, 0, 0, 0, 3, 1, 1, 4, 3, 0, 2, 4, 1, 2, 1, 4, 0, 4, 0, 2, 1, 0, 3, 1, 0, 0, 0, 2, 4, 2, 0, 0, 0, 0, 4, 3, 0, 2, 0, 1, 2, 0, 3, 0, 0, 0, 4, 3, 1, 1, 3, 1, 0, 1, 1, 4, 2, 2, 3, 0, 2, 0, 1, 0, 2, 4, 1, 0, 2, 0, 0, 0, 1, 0, 4, 1, 0, 2, 2, 0, 3, 3, 3, 0, 1, 2, 0, 3, 4, 0, 0, 0, 0, 0, 3, 4, 3, 4, 4, 0, 0, 2, 0, 3, 2, 1, 2, 0, 1, 0, 3, 0, 0, 3, 4, 4, 0, 0, 0, 0, 0, 1, 3, 3, 0, 4, 2, 0, 2, 0, 0, 4, 3, 1, 0, 2, 2, 4, 3, 2, 4, 1, 3, 3, 3, 0, 3, 1, 0, 4, 0, 3, 0, 1, 0, 2, 4, 0, 0, 1, 4, 1, 3, 1, 1, 4, 1, 0, 0, 0, 2, 0, 4, 0, 0, 3, 0, 0, 0, 2, 0, 0, 3, 0, 2, 1, 0, 2, 2, 0, 3, 2, 0, 3, 0, 3, 0, 1, 0, 0, 4, 0, 2, 0, 0, 2, 2, 4, 2, 4, 0, 0, 1, 4, 0, 4, 2, 0, 1, 1, 3, 0, 0, 1]

231117 case4
[2, 1, 0, 2, 1, 4, 1, 1, 0, 3, 1, 2, 1, 2, 3, 2, 2, 2, 1, 2, 0, 4, 2, 2, 2, 2, 4, 2, 2, 3, 1, 1, 2, 2, 0, 2, 4, 2, 1, 2, 2, 2, 2, 0, 2, 2, 3, 2, 0, 1, 3, 2, 1, 0, 2, 2, 2, 4, 4, 3, 2, 2, 2, 4, 2, 2, 0, 2, 3, 2, 2, 2, 1, 2, 4, 4, 1, 2, 2, 1, 2, 4, 3, 4, 1, 2, 0, 2, 0, 2, 2, 0, 2, 0, 2, 3, 4, 0, 1, 0, 2, 1, 2, 2, 3, 2, 3, 2, 3, 0, 2, 2, 4, 2, 2, 0, 4, 2, 4, 1, 2, 4, 2, 1, 3, 2, 4, 1, 1, 2, 1, 1, 4, 2, 2, 2, 2, 2, 0, 0, 3, 1, 1, 0, 0, 1, 2, 4, 2, 3, 1, 0, 2, 3, 2, 3, 2, 3, 2, 4, 3, 2, 2, 2, 2, 0, 2, 1, 2, 2, 4, 0, 2, 2, 2, 2, 0, 0, 3, 1, 3, 2, 2, 3, 1, 0, 4, 2, 1, 2, 2, 0, 1, 2, 1, 2, 4, 3, 2, 1, 2, 0, 2, 3, 2, 1, 2, 2, 3, 0, 3, 1, 2, 0, 2, 2, 2, 2, 2, 2, 3, 3, 1, 0, 3, 1, 0, 0, 2, 2, 2, 0, 2, 2, 2, 2, 2, 4, 2, 4, 1, 2, 1, 3, 2, 2, 0, 2, 4, 2, 1, 2, 2, 2, 1, 2, 1, 2, 4, 2, 2, 3, 2, 2, 2, 2, 0, 1, 1, 0, 4, 0, 1, 0, 0, 2, 2, 4, 3, 1, 3, 3, 2, 1, 2, 0, 1, 1, 2, 2, 1, 0, 2, 2, 3, 1, 1, 2, 4, 4, 0, 4, 2, 3, 4, 2, 2, 1, 2, 2, 1, 1, 0, 3, 2, 3, 1, 2, 0, 4, 0, 4, 1, 3, 2, 0, 1, 1, 2, 1, 1, 1, 0, 0, 0, 0, 1, 0, 1, 3, 2, 2, 0, 2, 4, 3, 2, 1, 0, 0, 3, 2, 1, 0, 1, 4, 3, 3, 1, 2, 1, 3, 4, 2, 2, 0, 2, 3, 2, 2, 1, 3, 0, 1, 1, 4, 1, 2, 2, 2, 1, 1, 0, 3, 2, 1, 2, 0, 0, 2, 3, 2, 3, 1, 2, 1, 0, 2, 1, 4, 2, 4, 2, 1, 4, 4, 3, 1, 3, 3, 4, 2, 2, 2, 0, 2, 2, 2, 1, 4, 4, 3, 2, 2, 0, 3, 1, 2, 1, 0, 2, 3, 0, 3, 3, 2, 2, 0, 2, 2, 3, 2, 4, 4, 4, 1, 2, 3, 1, 0, 3, 2, 2, 3, 3, 3, 3, 2, 3, 0, 0, 2, 3, 2, 4, 0, 2, 0, 3, 2, 0, 1, 2, 0, 2, 1, 1, 2, 3, 2, 3, 1, 1, 4, 2, 1, 2, 3, 1, 2, 2, 3, 4, 3, 3, 2, 4, 4, 3, 0, 4, 0, 2, 2, 2, 0, 2, 2, 1, 4, 2, 2, 4, 2, 4, 2, 0, 4, 2, 0, 2, 0, 4, 2, 2, 1, 1, 1, 1, 1, 1, 2, 2, 2, 4, 4, 2, 0, 0, 0, 3, 3, 2, 1, 3, 2, 2, 2, 2, 3, 2, 2, 2, 2, 1, 2, 2, 1, 4, 2, 3, 4, 1, 4, 2, 0, 2, 3, 4, 0, 3, 3, 0, 0, 3, 1, 2, 1, 1, 4, 2, 0, 4, 4, 4, 2, 2, 1, 3, 3, 3, 1, 4, 4, 3, 2, 4, 2, 1, 3]

231118 case5
[2, 0, 0, 1, 2, 0, 1, 0, 0, 4, 4, 0, 1, 0, 3, 0, 0, 2, 4, 0, 1, 1, 1, 2, 0, 4, 3, 0, 0, 0, 1, 0, 4, 3, 0, 1, 4, 4, 4, 3, 4, 2, 2, 1, 0, 0, 3, 4, 3, 4, 0, 2, 2, 3, 0, 0, 2, 1, 4, 1, 0, 0, 3, 3, 4, 1, 1, 1, 0, 4, 3, 1, 0, 0, 4, 2, 3, 0, 4, 1, 4, 2, 3, 2, 4, 0, 2, 0, 0, 1, 2, 0, 2, 4, 3, 0, 1, 4, 1, 3, 2, 0, 0, 0, 2, 0, 4, 1, 0, 3, 2, 2, 0, 0, 0, 2, 2, 1, 3, 2, 2, 2, 3, 0, 1, 1, 2, 2, 2, 3, 4, 4, 0, 4, 2, 0, 0, 4, 0, 2, 3, 0, 0, 0, 0, 0, 0, 0, 4, 4, 0, 2, 2, 3, 2, 0, 3, 2, 4, 2, 2, 3, 0, 1, 0, 2, 0, 0, 2, 0, 2, 4, 3, 2, 1, 3, 4, 3, 2, 2, 0, 2, 1, 4, 0, 0, 2, 1, 2, 3, 3, 1, 0, 3, 4, 0, 1, 1, 2, 0, 0, 0, 0, 0, 0, 0, 1, 4, 4, 4, 0, 0, 3, 0, 3, 2, 3, 3, 4, 4, 4, 0, 3, 4, 1, 3, 0, 4, 2, 0, 2, 2, 2, 2, 0, 0, 0, 4, 0, 1, 0, 2, 3, 4, 2, 3, 0, 3, 0, 0, 0, 4, 3, 0, 0, 1, 0, 1, 3, 2, 4, 3, 2, 4, 3, 0, 0, 0, 1, 3, 2, 4, 0, 1, 3, 3, 2, 3, 0, 0, 0, 3, 3, 1, 1, 0, 0, 2, 1, 0, 4, 0, 3, 0, 2, 2, 3, 1, 0, 0, 3, 3, 0, 2, 0, 2, 2, 2, 4, 2, 0, 0, 0, 0, 2, 2, 1, 3, 4, 0, 1, 0, 1, 0, 4, 1, 2, 0, 3, 0, 0, 2, 0, 1, 3, 2, 3, 3, 4, 4, 2, 3, 1, 0, 4, 1, 4, 0, 0, 0, 2, 2, 1, 0, 3, 4, 0, 0, 3, 3, 2, 0, 2, 2, 0, 3, 4, 0, 4, 4, 2, 4, 0, 0, 4, 3, 3, 0, 3, 0, 3, 0, 0, 2, 0, 4, 3, 3, 4, 4, 0, 1, 2, 3, 0, 0, 0, 0, 4, 4, 0, 4, 3, 2, 4, 0, 2, 2, 4, 0, 3, 2, 4, 0, 0, 0, 2, 0, 3, 2, 3, 0, 2, 1, 4, 0, 3, 3, 4, 2, 0, 1, 2, 4, 3, 2, 0, 3, 0, 3, 4, 0, 0, 1, 0, 0, 0, 3, 3, 0, 3, 0, 0, 1, 4, 4, 4, 0, 0, 0, 4, 3, 2, 3, 1, 0, 3, 1, 3, 2, 0, 1, 3, 2, 0, 4, 3, 3, 3, 2, 2, 0, 0, 0, 2, 4, 3, 0, 1, 2, 2, 2, 0, 0, 3, 0, 4, 1, 3, 2, 3, 0, 0, 0, 0, 2, 3, 4, 4, 1, 0, 0, 0, 1, 4, 3, 2, 1, 0, 0, 0, 2, 0, 0, 0, 1, 3, 0, 0, 0, 3, 0, 1, 0, 0, 2, 2, 0, 0, 1, 2, 0, 3, 1, 0, 3, 4, 1, 0, 2, 3, 4, 1, 1, 0, 0, 3, 3, 0, 2, 0, 3, 2, 0, 4, 4, 0, 0, 0, 2, 3, 4, 0, 0, 2, 0, 0, 1, 0, 0, 3, 3, 2, 4, 0, 0, 0, 2, 1, 2, 0, 0, 0, 2, 0, 0, 2, 0, 2, 1, 0, 1, 2, 1, 4, 0, 0, 0, 4, 0, 2, 4, 1, 0, 3, 4, 0]

231226 case6
[2, 0, 0, 0, 0, 2, 0, 1, 1, 2, 2, 4, 0, 0, 0, 2, 0, 0, 2, 0, 2, 0, 0, 0, 2, 0, 4, 0, 0, 0, 1, 0, 1, 3, 1, 2, 1, 0, 0, 3, 3, 1, 1, 3, 2, 3, 4, 1, 0, 0, 0, 0, 4, 4, 4, 1, 0, 0, 4, 0, 0, 0, 0, 1, 4, 0, 3, 0, 4, 0, 0, 3, 0, 1, 0, 3, 4, 3, 4, 0, 0, 0, 0, 2, 1, 0, 2, 2, 4, 1, 3, 0, 0, 0, 4, 0, 0, 0, 0, 0, 4, 0, 1, 0, 2, 2, 2, 2, 0, 2, 3, 1, 1, 2, 0, 4, 3, 1, 0, 0, 3, 0, 3, 3, 2, 2, 0, 0, 0, 0, 3, 3, 0, 0, 0, 1, 3, 0, 0, 4, 0, 0, 2, 1, 3, 0, 4, 0, 1, 0, 0, 0, 4, 4, 0, 2, 0, 0, 1, 0, 0, 1, 0, 0, 1, 1, 1, 0, 3, 0, 0, 1, 0, 2, 0, 2, 3, 3, 0, 0, 3, 1, 0, 4, 3, 0, 0, 1, 0, 2, 1, 0, 1, 0, 2, 4, 0, 1, 0, 0, 3, 0, 2, 3, 3, 1, 1, 4, 0, 4, 3, 1, 3, 3, 4, 0, 2, 2, 4, 2, 0, 1, 1, 1, 2, 2, 4, 3, 1, 4, 3, 3, 3, 3, 2, 0, 0, 0, 1, 0, 0, 0, 3, 0, 0, 2, 4, 2, 3, 0, 0, 3, 0, 3, 2, 4, 2, 4, 2, 0, 0, 2, 2, 4, 2, 3, 1, 3, 0, 1, 3, 0, 3, 3, 1, 0, 2, 3, 4, 1, 1, 2, 0, 4, 0, 0, 2, 2, 0, 2, 0, 0, 3, 0, 3, 2, 0, 0, 0, 0, 3, 2, 4, 0, 2, 2, 0, 2, 0, 2, 3, 3, 0, 0, 1, 1, 0, 0, 0, 0, 0, 2, 3, 4, 0, 0, 4, 0, 0, 3, 4, 0, 2, 4, 0, 4, 4, 2, 1, 0, 2, 0, 1, 2, 2, 3, 0, 1, 2, 4, 1, 2, 2, 0, 1, 4, 4, 0, 0, 1, 4, 3, 4, 0, 0, 4, 4, 0, 0, 0, 0, 3, 2, 0, 2, 3, 4, 0, 4, 1, 1, 4, 0, 1, 3, 1, 3, 4, 0, 0, 0, 1, 0, 2, 2, 1, 1, 2, 0, 2, 4, 4, 0, 1, 1, 1, 3, 1, 0, 3, 0, 4, 0, 3, 0, 4, 4, 2, 1, 4, 4, 1, 0, 0, 2, 0, 0, 4, 4, 0, 2, 0, 1, 0, 2, 0, 0, 4, 2, 2, 4, 2, 1, 3, 2, 3, 0, 0, 0, 3, 3, 2, 4, 2, 0, 0, 0, 3, 4, 0, 3, 4, 3, 1, 4, 2, 4, 4, 4, 3, 0, 3, 4, 2, 4, 2, 0, 1, 0, 4, 0, 4, 2, 3, 3, 1, 2, 4, 3, 2, 0, 2, 0, 0, 0, 1, 0, 0, 4, 2, 0, 0, 2, 2, 0, 0, 1, 1, 0, 1, 2, 0, 4, 0, 1, 3, 0, 0, 1, 0, 1, 0, 0, 0, 4, 1, 3, 3, 0, 2, 0, 4, 4, 1, 4, 3, 0, 0, 0, 1, 1, 1, 4, 4, 2, 0, 0, 0, 3, 0, 1, 2, 4, 3, 0, 0, 2, 1, 2, 4, 1, 0, 0, 4, 0, 3, 0, 4, 2, 0, 4, 4, 1, 0, 0, 0, 1, 0, 0, 1, 0, 0, 3, 0, 2, 4, 0, 0, 3, 3, 2, 0, 0, 0, 4, 3, 4, 3, 1, 2, 4, 3, 1, 1, 0, 0, 4, 0]